6.659999999999999432e+01
6.659999999999999432e+01
6.659999999999999432e+01
6.659999999999999432e+01
6.659999999999999432e+01
6.670000000000000284e+01
6.670000000000000284e+01
6.670000000000000284e+01
6.670000000000000284e+01
6.670000000000000284e+01
6.680000000000001137e+01
6.680000000000001137e+01
6.680000000000001137e+01
6.680000000000001137e+01
6.680000000000001137e+01
6.690000000000000568e+01
6.690000000000000568e+01
6.690000000000000568e+01
6.690000000000000568e+01
6.690000000000000568e+01
6.700000000000000000e+01
6.700000000000000000e+01
6.700000000000000000e+01
6.700000000000000000e+01
6.700000000000000000e+01
6.709999999999999432e+01
6.709999999999999432e+01
6.709999999999999432e+01
6.709999999999999432e+01
6.709999999999999432e+01
6.720000000000000284e+01
6.720000000000000284e+01
6.720000000000000284e+01
6.720000000000000284e+01
6.720000000000000284e+01
6.730000000000001137e+01
6.730000000000001137e+01
6.730000000000001137e+01
6.730000000000001137e+01
6.730000000000001137e+01
6.740000000000000568e+01
6.740000000000000568e+01
6.740000000000000568e+01
6.740000000000000568e+01
6.740000000000000568e+01
6.750000000000000000e+01
6.750000000000000000e+01
6.750000000000000000e+01
6.750000000000000000e+01
6.759999999999999432e+01
6.759999999999999432e+01
6.759999999999999432e+01
6.759999999999999432e+01
6.759999999999999432e+01
6.770000000000000284e+01
6.770000000000000284e+01
6.770000000000000284e+01
6.770000000000000284e+01
6.780000000000001137e+01
6.780000000000001137e+01
6.780000000000001137e+01
6.780000000000001137e+01
6.780000000000001137e+01
6.790000000000000568e+01
6.790000000000000568e+01
6.790000000000000568e+01
6.790000000000000568e+01
6.800000000000000000e+01
6.800000000000000000e+01
6.800000000000000000e+01
6.800000000000000000e+01
6.809999999999999432e+01
6.809999999999999432e+01
6.809999999999999432e+01
6.809999999999999432e+01
6.809999999999999432e+01
6.820000000000000284e+01
6.820000000000000284e+01
6.820000000000000284e+01
6.820000000000000284e+01
6.830000000000001137e+01
6.830000000000001137e+01
6.830000000000001137e+01
6.830000000000001137e+01
6.840000000000000568e+01
6.840000000000000568e+01
6.840000000000000568e+01
6.840000000000000568e+01
6.850000000000000000e+01
6.850000000000000000e+01
6.850000000000000000e+01
6.850000000000000000e+01
6.859999999999999432e+01
6.859999999999999432e+01
6.859999999999999432e+01
6.859999999999999432e+01
6.870000000000000284e+01
6.870000000000000284e+01
6.870000000000000284e+01
6.880000000000001137e+01
6.880000000000001137e+01
6.880000000000001137e+01
6.880000000000001137e+01
6.890000000000000568e+01
6.890000000000000568e+01
6.890000000000000568e+01
6.890000000000000568e+01
6.900000000000000000e+01
6.900000000000000000e+01
6.900000000000000000e+01
6.900000000000000000e+01
6.909999999999999432e+01
6.909999999999999432e+01
6.909999999999999432e+01
6.920000000000000284e+01
6.920000000000000284e+01
6.920000000000000284e+01
6.920000000000000284e+01
6.930000000000001137e+01
6.930000000000001137e+01
6.930000000000001137e+01
6.940000000000000568e+01
6.940000000000000568e+01
6.940000000000000568e+01
6.940000000000000568e+01
6.950000000000000000e+01
6.950000000000000000e+01
6.950000000000000000e+01
6.959999999999999432e+01
6.959999999999999432e+01
6.959999999999999432e+01
6.970000000000000284e+01
6.970000000000000284e+01
6.970000000000000284e+01
6.970000000000000284e+01
6.980000000000001137e+01
6.980000000000001137e+01
6.980000000000001137e+01
6.990000000000000568e+01
6.990000000000000568e+01
6.990000000000000568e+01
7.000000000000000000e+01
7.000000000000000000e+01
7.000000000000000000e+01
7.009999999999999432e+01
7.009999999999999432e+01
7.009999999999999432e+01
7.020000000000000284e+01
7.020000000000000284e+01
7.020000000000000284e+01
7.030000000000001137e+01
7.030000000000001137e+01
7.030000000000001137e+01
7.040000000000000568e+01
7.040000000000000568e+01
7.040000000000000568e+01
7.050000000000000000e+01
7.050000000000000000e+01
7.050000000000000000e+01
7.059999999999999432e+01
7.059999999999999432e+01
7.059999999999999432e+01
7.070000000000000284e+01
7.070000000000000284e+01
7.070000000000000284e+01
7.080000000000001137e+01
7.080000000000001137e+01
7.080000000000001137e+01
7.090000000000000568e+01
7.090000000000000568e+01
7.090000000000000568e+01
7.100000000000000000e+01
7.100000000000000000e+01
7.109999999999999432e+01
7.109999999999999432e+01
7.109999999999999432e+01
7.120000000000000284e+01
7.120000000000000284e+01
7.120000000000000284e+01
7.130000000000001137e+01
7.130000000000001137e+01
7.140000000000000568e+01
7.140000000000000568e+01
7.140000000000000568e+01
7.150000000000000000e+01
7.150000000000000000e+01
7.159999999999999432e+01
7.159999999999999432e+01
7.159999999999999432e+01
7.170000000000000284e+01
7.170000000000000284e+01
7.180000000000001137e+01
7.180000000000001137e+01
7.180000000000001137e+01
7.190000000000000568e+01
7.190000000000000568e+01
7.200000000000000000e+01
7.200000000000000000e+01
7.200000000000000000e+01
7.209999999999999432e+01
7.209999999999999432e+01
7.220000000000000284e+01
7.220000000000000284e+01
7.230000000000001137e+01
7.230000000000001137e+01
7.240000000000000568e+01
7.240000000000000568e+01
7.240000000000000568e+01
7.250000000000000000e+01
7.250000000000000000e+01
7.259999999999999432e+01
7.259999999999999432e+01
7.270000000000000284e+01
7.270000000000000284e+01
7.280000000000001137e+01
7.280000000000001137e+01
7.290000000000000568e+01
7.290000000000000568e+01
7.300000000000000000e+01
7.300000000000000000e+01
7.309999999999999432e+01
7.309999999999999432e+01
7.320000000000000284e+01
7.320000000000000284e+01
7.330000000000001137e+01
7.330000000000001137e+01
7.340000000000000568e+01
7.340000000000000568e+01
7.350000000000000000e+01
7.350000000000000000e+01
7.359999999999999432e+01
7.359999999999999432e+01
7.370000000000000284e+01
7.370000000000000284e+01
7.380000000000001137e+01
7.380000000000001137e+01
7.390000000000000568e+01
7.390000000000000568e+01
7.400000000000000000e+01
7.400000000000000000e+01
7.410000000000000853e+01
7.420000000000000284e+01
7.420000000000000284e+01
7.429999999999999716e+01
7.429999999999999716e+01
7.440000000000000568e+01
7.440000000000000568e+01
7.450000000000000000e+01
7.460000000000000853e+01
7.460000000000000853e+01
7.470000000000000284e+01
7.470000000000000284e+01
7.479999999999999716e+01
7.490000000000000568e+01
7.490000000000000568e+01
7.500000000000000000e+01
7.510000000000000853e+01
7.510000000000000853e+01
7.520000000000000284e+01
7.529999999999999716e+01
7.529999999999999716e+01
7.540000000000000568e+01
7.550000000000000000e+01
7.550000000000000000e+01
7.560000000000000853e+01
7.570000000000000284e+01
7.570000000000000284e+01
7.579999999999999716e+01
7.590000000000000568e+01
7.590000000000000568e+01
7.600000000000000000e+01
7.610000000000000853e+01
7.620000000000000284e+01
7.620000000000000284e+01
7.629999999999999716e+01
7.640000000000000568e+01
7.650000000000000000e+01
7.650000000000000000e+01
7.660000000000000853e+01
7.670000000000000284e+01
7.679999999999999716e+01
7.690000000000000568e+01
7.690000000000000568e+01
7.700000000000000000e+01
7.710000000000000853e+01
7.720000000000000284e+01
7.729999999999999716e+01
7.740000000000000568e+01
7.750000000000000000e+01
7.750000000000000000e+01
7.760000000000000853e+01
7.770000000000000284e+01
7.779999999999999716e+01
7.790000000000000568e+01
7.800000000000000000e+01
7.810000000000000853e+01
7.820000000000000284e+01
7.829999999999999716e+01
7.840000000000000568e+01
7.850000000000000000e+01
7.860000000000000853e+01
7.870000000000000284e+01
7.879999999999999716e+01
7.890000000000000568e+01
7.900000000000000000e+01
7.910000000000000853e+01
7.920000000000000284e+01
7.929999999999999716e+01
7.940000000000000568e+01
7.960000000000000853e+01
7.970000000000000284e+01
7.979999999999999716e+01
7.990000000000000568e+01
8.000000000000000000e+01
8.020000000000000284e+01
8.029999999999999716e+01
8.040000000000000568e+01
8.050000000000000000e+01
8.070000000000000284e+01
8.079999999999999716e+01
8.090000000000000568e+01
8.110000000000000853e+01
8.120000000000000284e+01
8.140000000000000568e+01
8.150000000000000000e+01
8.170000000000000284e+01
8.179999999999999716e+01
8.200000000000000000e+01
8.210000000000000853e+01
8.229999999999999716e+01
8.250000000000000000e+01
8.270000000000000284e+01
8.279999999999999716e+01
8.300000000000000000e+01
8.320000000000000284e+01
8.340000000000000568e+01
8.360000000000000853e+01
8.379999999999999716e+01
8.400000000000000000e+01
8.420000000000000284e+01
8.440000000000000568e+01
8.460000000000000853e+01
8.490000000000000568e+01
8.510000000000000853e+01
8.529999999999999716e+01
8.560000000000000853e+01
8.590000000000000568e+01
8.610000000000000853e+01
8.640000000000000568e+01
8.670000000000000284e+01
8.700000000000000000e+01
8.740000000000000568e+01
8.770000000000000284e+01
8.810000000000000853e+01
8.840000000000000568e+01
8.890000000000000568e+01
8.930000000000001137e+01
8.980000000000001137e+01
9.030000000000001137e+01
9.080000000000001137e+01
9.140000000000000568e+01
9.210000000000000853e+01
9.290000000000000568e+01
9.390000000000000568e+01
9.510000000000000853e+01
1.000000000000000000e+02
