   7.1842467e+00
   3.8272175e+00
   4.4991932e+00
   3.8204939e+00
   6.9390725e+00
   3.5547662e+00
   2.8410970e+00
   6.8824458e+00
   4.4414279e+00
   6.4039679e+00
   4.6202769e+00
   6.1738518e+00
  -9.1112339e-01
   6.6646603e+00
   1.0133902e+01
   8.0982233e+00
   7.7772414e+00
   4.9006718e+00
   5.9524952e+00
   6.1106239e+00
   5.7409822e+00
   3.4238288e+00
   4.6193695e+00
   5.0630624e+00
   4.2983665e+00
   7.5920918e+00
   1.1845873e+01
   2.1916644e+00
   5.8208507e+00
   1.8940521e+00
   8.7562705e+00
   9.0247788e+00
   1.3436426e+00
   1.0359211e+01
   2.7882539e+00
   6.0670474e+00
   8.2473230e+00
   5.8679719e+00
   1.1239165e+01
   1.2381395e+01
   5.8457943e+00
   7.3233448e-01
   4.5875175e+00
   3.3797250e+00
   3.5881166e+00
   2.6807630e+00
   5.6954722e+00
   1.0766574e+01
   3.7103815e+00
   4.7987108e+00
   8.4161875e+00
   8.5320535e+00
   6.7138525e+00
   8.0650412e+00
   7.6768151e+00
   4.5456053e+00
   6.5722326e+00
   4.7521737e+00
   3.2503287e+00
   7.0868637e+00
   5.6686340e+00
   5.0321986e+00
   6.2293186e+00
   7.9692367e+00
   6.4823364e+00
   5.9863784e+00
   6.1994624e+00
   5.6280508e+00
   3.5638344e+00
   7.4669543e+00
   9.0222674e+00
   4.1647535e+00
   1.0319396e+01
   5.0593811e+00
   4.8906241e+00
   3.2559984e+00
   3.5191578e+00
   3.1175633e+00
   6.3847636e+00
   9.4925658e+00
   6.8186756e+00
   7.6355058e+00
   8.8546163e+00
  -7.4883360e-01
   5.0811017e+00
   6.3825383e+00
   7.2931343e+00
   2.2378709e+00
   2.9853276e+00
   7.4767087e+00
   5.2085717e+00
   6.8827247e+00
   3.0983880e+00
   1.4154940e+00
   7.4030007e+00
   8.4832679e+00
   9.5801430e+00
   1.6695260e+00
   2.1578690e+00
   1.8153838e+00
   5.3958423e+00
   3.9612317e+00
   8.7853870e+00
   1.8623335e+00
   1.1441269e+00
   6.0132617e+00
   8.4823260e+00
   3.4929423e+00
   2.3359089e+00
   5.1266716e+00
   1.4088833e+00
   5.5433609e+00
   7.5709682e+00
   6.0443459e+00
   7.2688775e-01
   4.1579454e+00
   4.7449193e+00
   1.0033955e+01
   7.7871294e+00
   5.3572982e+00
   8.7734052e+00
   2.8881604e+00
   4.6293330e+00
   9.0314029e+00
   9.2559573e+00
   7.3259400e+00
   6.7268807e+00
   4.0346847e+00
   7.3622491e+00
   3.4296126e+00
   6.9363018e+00
   6.2046035e+00
   8.3482657e+00
   4.4353304e+00
   7.0903497e+00
   7.4829452e+00
   3.2540572e+00
   5.8906121e+00
   9.4931348e+00
   5.7810993e+00
   4.7284377e+00
   6.6416490e+00
   4.8122479e+00
   6.6078590e+00
   5.1630872e+00
   5.4541794e+00
   6.6519736e+00
   8.9057887e+00
   6.6296864e+00
   9.6209591e+00
   4.2909510e-01
   4.3768580e+00
   6.0899830e+00
   3.4120676e+00
   2.3101121e+00
   7.0425877e+00
   7.0317538e+00
   6.2234529e+00
   6.4882903e+00
   3.3235929e+00
   4.2557791e+00
   5.2333205e+00
   3.7804272e+00
   6.3297022e+00
   1.1413062e+01
   4.2944232e+00
   7.1186205e+00
   2.9139382e+00
   8.8488865e+00
   3.0771491e+00
   6.0217890e+00
   3.9535166e+00
   6.7800391e+00
   5.5283854e+00
   5.3900284e+00
   1.2872731e+01
   3.9248845e+00
   5.3828015e+00
   1.2207564e+01
   2.6332733e+00
   6.8824969e+00
   2.8088540e+00
   8.0765990e+00
   6.3188245e+00
   7.1303120e+00
   4.8028472e+00
   6.1129790e+00
   9.1812837e+00
  -1.8775386e-01
   1.4167732e+00
   6.5386723e+00
   3.8630779e+00
   4.7591292e+00
   1.7577028e+00
   3.2379139e+00
   4.4895461e+00
   3.6855046e+00
   3.3337874e+00
   4.4453830e+00
   3.1433342e+00
