    0.6637
    6.0247
    3.5185
    5.9513
    4.5410
    0.7399
    6.2476
    4.4397
    7.3174
    1.8807
    7.6507
   10.4706
    1.8490
   11.0425
    6.1140
    9.9191
    3.4490
   13.0488
    6.7083
    6.2800
   -0.4943
    8.8874
    9.9953
    2.1034
    1.7825
    5.4148
   10.9358
    7.6429
    1.2038
    9.2379
    5.7543
    2.8232
   11.5640
    5.7157
    5.7113
    2.5262
   10.3814
    2.9958
   -2.4516
    2.6427
   -1.4618
    3.6992
   11.9083
    3.8812
    7.3217
   10.9562
    5.0931
    3.9306
    3.6288
    4.1896
   14.5565
    1.7675
   -3.5315
    5.0665
    9.0707
    3.0795
    0.9418
    7.4206
    7.3156
   -2.7513
    6.7897
    1.9143
   12.2746
    7.7403
    5.1850
    2.0930
    4.3801
   -1.1079
    3.0776
    5.5114
   10.5193
    2.6360
    8.7238
    1.9790
    8.2495
   10.1219
    3.1296
    6.1481
    3.3330
    2.8481
    6.3375
   16.1082
    7.8024
    7.2487
    5.9107
    3.1826
   -1.2592
    5.5798
   10.3859
    2.1512
    6.1088
    4.6931
   10.6481
    3.2536
   10.3575
    5.2169
    8.7725
    1.3436
    2.6823
    0.2931
    2.0996
    5.6497
    4.3477
    1.6161
   10.3362
    3.5287
    5.4453
   -0.2045
    4.3782
    7.0897
    1.3243
    5.9219
    4.4491
    1.3213
    8.6531
    5.8543
    1.4638
    3.4509
    6.2861
   -2.5654
    1.9593
    5.8442
    5.7662
    6.2900
    3.2705
    6.9481
    3.1921
    7.1758
   -0.2649
   12.5685
    2.6074
    2.9436
    2.1303
    0.7779
    9.5832
    1.1832
    3.9879
    5.6243
    7.8612
   13.3136
    5.3198
   -0.0761
   15.6848
    3.0472
    2.5718
    0.5414
   -3.0260
    5.5756
    4.8510
   11.6582
    2.4509
    6.9145
   11.8994
    7.0559
    5.9796
    6.0033
    4.8727
    7.2429
    4.2785
    1.9756
    5.3550
    4.8038
   10.0731
   -2.4222
    1.6478
    0.5419
    6.8272
    2.9683
    6.0506
   11.6357
    7.8233
    4.5838
    0.8885
   13.2769
    3.4682
    1.7091
   11.4947
    1.0465
    2.0730
    2.9610
    5.7103
    7.5188
    2.1840
    6.4501
    1.8119
   -3.1421
    5.8515
    6.1537
   11.7572
    4.1554
   10.1033
   11.5417
    2.0016
    8.1119
    7.8044
    2.6428
    6.2185
    0.2615
    5.6400
    5.1446